14,75
14,74
14,73
14,72
14,71
14,70
14,69
14,68
14,67
14,66
14,65
14,64
14,7
14,6
14,5
14,4
14,3
14,2
14,1
14,0
13,4
13,3
13,2
13,1
13,0
12,9
12,8
12,7
12,6
12,5
12,4
12,3
12,2
12,1
12,0
11,5
11,4
11,3
11,2
11,1
11,0
10,4
10,3
10,2
10,1
10,0
9,5
9,4
9,3
9,2
9,1
9,0
8,5
8,4
8,3
8,2
8,1
8,0
7,5
7,4
7,3
7,2
7,1
7,0
6,5
6,4
6,3
6,2
6,1
6,0
5,6
5,5
5,4
5,3
5,2
5,1
5,0
4,3
4,2
4,1
4,0
3,6
3,5
3,4
3,3
3,2
3,1
3,0
2,13
2,12
2,11
2,10
2,9
2,8
2,7
2,6
2,5
2,4
2,3
2,2
2,1
2,0
1,3
1,2
1,1
1,0
0,439
0,437
0,410
0,324
0,243
0,9
0,1
0,0
0,307
0,300
0,301
0,299
0,374
0,298
0,447
0,297
0,402
0,296
0,446
0,295
0,431
0,294
0,401
0,293
0,430
0,292
0,366
0,291
0,412
0,290
0,411
0,289
0,365
0,288
0,445
0,287
0,314
0,286
0,409
0,285
0,405
0,284
0,357
0,283
0,404
0,282
0,396
0,281
0,394
0,280
0,354
0,279
0,444
0,278
0,398
0,277
0,385
0,276
0,351
0,275
0,312
0,274
0,353
0,273
0,443
0,272
0,429
14,76
14,77
14,79
14,80
14,82
14,83
14,85
14,90
14,91
14,93
14,94
14,96
14,98
14,99
14,101
14,102
14,104
14,105
14,107
14,109
14,110
14,112
14,113
14,115
14,117
14,118
14,120
14,121
14,123
14,124
14,126
14,128
14,129
14,131
14,132
14,134
14,136
14,137
14,139
14,140
14,142
14,143
14,145
14,147
14,148
14,150
14,151
14,153
14,155
14,156
14,158
14,159
14,161
14,163
14,164
14,166
14,167
14,169
14,170
14,172
14,174
14,175
14,177
14,178
14,180
14,182
14,183
14,185
14,186
14,188
14,189
14,191
14,193
14,194
14,196
14,197
14,199
14,201
14,202
14,204
14,205
14,207
14,208
14,210
14,212
14,213
14,215
14,216
14,218
14,220
14,221
14,223
14,224
14,226
14,228
14,229
14,231
14,232
14,234
14,235
14,237
14,239
14,240
14,242
14,243
14,245
14,247
14,248
14,250
14,251
14,253
14,254
14,256
14,258
14,259
14,261
14,262
14,264
14,266
14,267
14,269
14,270
14,272
14,273
14,275
14,277
14,278
14,280
14,281
14,283
14,285
14,286
14,288
14,289
14,291
14,292
14,294
14,296
14,297
14,299
14,300
14,302
14,304
14,305
14,307
14,308
14,310
14,312
14,313
14,315
14,316
14,318
14,319
14,321
14,323
14,324
14,326
14,327
14,329
14,331
14,332
14,334
14,335
14,337
14,338
14,340
14,342
14,343
14,345
14,346
14,362
14,364
14,365
14,367
14,368
14,370
14,371
14,373
14,375
14,376
14,385
14,386
14,388
14,390
14,391
14,393
14,394
14,396
14,398
14,399
14,401
14,402
14,404
14,405
14,407
15,0
15,1
15,3
15,4
15,6
15,8
15,9
15,11
15,12
15,14
15,15
15,17
15,19
15,20
15,22
15,23
15,25
15,27
15,28
15,30
15,31
15,33
15,34
15,36
15,38
15,39
15,41
15,42
15,44
15,65
15,66
15,68
15,69
15,71
15,72
15,74
15,76
15,77
16,1
16,2
16,4
16,6
16,7
16,9
16,10
17,1
17,3
17,4
17,6
17,7
17,9
17,10
18,0
18,2
18,3
19,0
19,1
19,3
20,0
20,1
20,3
20,4
21,0
21,1
21,3
22,0
22,1
22,3
22,4
23,0
23,2
23,3
24,0
24,1
24,3
24,4
24,6
25,0
25,1
25,3
25,4
26,1
26,3
26,4
27,0
27,1
27,3
27,5
27,6
28,0
28,1
28,3
28,4
29,0
29,2
29,3
30,1
30,2
30,4
31,0
31,1
31,3
32,0
32,2
32,3
33,0
33,2
33,3
33,5
34,0
34,2
34,4
35,0
35,2
35,3
37,0
37,1
37,3
37,5
37,6
37,8
37,9
38,1
38,3
38,4
39,1
39,2
40,0
40,2
40,3
40,5
41,0
41,2
41,3
41,5
42,0
42,1
42,3
42,4
42,6
43,0
43,1
43,3
43,4
44,0
44,1
44,3
44,5
45,0
45,2
45,3
45,5
46,1
46,2
46,4
47,0
47,2
47,3
47,5
48,1
48,2
48,3
48,0
47,4
47,1
46,3
46,0
45,4
45,1
44,4
44,2
43,5
43,2
42,7
42,5
42,2
41,6
41,4
41,1
40,4
40,1
39,3
39,0
38,2
38,0
37,7
37,4
37,2
35,4
35,1
34,3
34,1
33,4
33,1
32,4
32,1
31,2
30,5
30,3
30,0
29,1
28,5
28,2
27,7
27,4
27,2
26,5
26,2
26,0
25,2
24,7
24,5
24,2
23,4
23,1
22,5
22,2
21,4
21,2
20,5
20,2
19,4
19,2
18,4
18,1
17,11
17,8
17,5
17,2
17,0
16,8
16,5
16,3
16,0
15,75
15,73
15,70
15,67
15,64
15,43
15,40
15,37
15,35
15,32
15,29
15,26
15,24
15,21
15,18
15,16
15,13
15,10
15,7
15,5
15,2
14,408
14,406
14,403
14,400
14,397
14,395
14,392
14,389
14,387
14,384
14,374
14,372
14,369
14,366
14,363
14,347
14,344
14,341
14,339
14,336
14,333
14,330
14,328
14,325
14,322
14,320
14,317
14,314
14,311
14,309
14,306
14,303
14,301
14,298
14,295
14,293
14,290
14,287
14,284
14,282
14,279
14,276
14,274
14,271
14,268
14,265
14,263
14,260
14,257
14,255
14,252
14,249
14,246
14,244
14,241
14,238
14,236
14,233
14,230
14,227
14,225
14,222
14,219
14,217
14,214
14,211
14,209
14,206
14,203
14,200
14,198
14,195
14,192
14,190
14,187
14,184
14,181
14,179
14,176
14,173
14,171
14,168
14,165
14,162
14,160
14,157
14,154
14,152
14,149
14,146
14,144
14,141
14,138
14,135
14,133
14,130
14,127
14,125
14,122
14,119
14,116
14,114
14,111
14,108
14,106
14,103
14,100
14,97
14,95
14,92
14,89
14,84
14,81
14,78
0,271
0,400
0,270
0,399
0,269
0,408
0,268
0,371
0,267
0,391
0,266
0,370
0,265
0,390
0,264
0,417
0,263
0,352
0,262
0,350
0,261
0,349
0,260
0,348
0,259
0,347
0,258
0,345
0,257
0,334
0,256
0,333
0,255
0,416
0,254
0,415
0,253
0,422
0,252
0,346
0,251
0,369
0,250
0,336
0,249
0,368
0,248
0,367
0,247
0,364
0,246
0,359
0,245
0,438
0,244
0,376
0,242
0,406
0,241
0,421
0,240
0,420
0,239
0,393
0,238
0,419
0,237
0,403
0,236
0,327
0,235
0,317
0,234
0,392
0,233
0,339
0,232
0,373
0,231
0,361
0,230
0,360
0,229
0,358
0,228
0,414
0,227
0,311
0,226
0,356
0,225
0,340
0,224
0,310
0,223
0,384
0,222
0,387
0,221
0,316
0,220
0,389
0,219
0,388
0,218
0,309
0,217
0,313
0,216
0,381
0,215
0,413
0,214
0,378
0,213
0,212
0,211
0,335
0,210
0,363
0,209
0,372
0,208
0,375
0,207
0,337
0,206
0,338
0,205
0,322
0,204
0,434
0,203
0,362
0,202
0,432
0,201
0,386
0,200
0,355
0,199
0,198
0,197
0,331
0,196
0,330
0,195
0,329
0,194
0,328
0,193
0,315
0,192
0,326
0,63
0,325
0,62
0,323
0,61
0,341
0,60
0,321
0,59
0,320
0,58
0,319
0,57
0,377
0,56
0,428
0,55
0,442
0,54
0,441
0,53
0,426
0,52
0,440
0,51
0,427
0,50
0,425
0,49
0,424
0,48
0,418
0,47
0,423
0,46
0,308
0,45
0,407
0,6
0,5
0,304
0,303
0,306
0,305
0,302
0,12
0,436
0,10
0,8
0,11
0,4
0,2
0,3
0,7
